12083.68 10295.47 14777.22 14579.36 17485.37
16846.12 17680.74 16880.78 25131.01 34035.04
43074.51 39829.01 14140.75 12936.29 16935.34
17746.65 18822.75 18744.91 21005.4 17022.06
26369.2 36590.99 46285.45 41122.28 16529.19
12813.94 16254.11 19136.92 17266.99 19267.67
22089.19 16218.44 28506.54 37613 44775.1
43038.52 16395.45 13864.88 17740.4 18187.88
19266.26 21638.3 21700.7 18181.96 28790.22
31676.03 48976.89 44999.71 16890.04 15398.92
16758.75 17711.87 19428.43 20403.44 20611.44
20990.75 28958.02 33887.02 50308.16 46318.3
17982.12 13929.85 19398.43 18841.83 22050.47
23912.72 21049.28 21482.65 28311.85 37656.48
52953.29 44220.82 19870.94 17099.52 18892.72
19872.18 23389.13 23394.51 24050.89 23309
29123.39 43356.61 52733.57 43704.25 20096.73
17335.89 18903.38 21193.77 20339.84 21099.67
26186.15 20367.84 28766.04 36309.68 46711.61
45326.65 13213.52 11708.98 16275.99 16759.04
17445.65 20756.87 20989.37 17351.71 26843.29
34501.83 48721.67 48756.13
