5.681488 5.826396 9.208368 11.64165 9.612203
15.2873 17.65301 17.26078 23.15297 20.35196
19.22811 26.41084 33.62215 30.39849 32.2281
36.09679 38.89796 39.36097 40.47254 40.81122
42.10805 41.46841 53.4703 50.2069 50.51625
53.49136 60.63045 59.19369 59.39028 62.12376
65.07391 68.42905 67.71348 73.80553 72.47196
78.85283 78.30972 81.73969 74.9709 78.37077
83.58713 82.64189 84.68248 89.74577 88.53407
90.57217 95.11479 97.0688 102.022 99.96746
106.2285 106.5601 106.4951 112.3224 114.7492
116.2853 117.5223 113.8793 122.905 124.0316
