17.09466 2.058992 -4.741615 -2.681506 21.28968
18.44144 21.38925 29.50502 15.03692 12.89583
36.08463 24.19566 38.86693 35.57686 40.67118
43.44822 49.54987 46.401 45.62052 43.63406
84.05306 82.50998 64.19067 77.26815 92.10835
81.94259 92.95973 103.5575 98.4311 107.1888
110.659 109.7198 132.2599 138.4025 137.2012
152.4987 129.8044 145.3264 157.9421 154.417
151.4217 166.3181 179.5901 195.4045 190.2593
190.2322 210.687 207.4685 225.8897 224.0635
249.4931 252.5754 237.0137 258.8855 274.8182
263.1372 269.921 304.6359 294.863 304.5183
